path,condition,replicate_id,issues,accepted_calls,attempts,retries,noise_checks
data/json/noise_experiments/gemini37_flash_task_order_n3_20260823/noise8_crossmodel_gemini37_flash_n3_game/gemini-3.7-flash/game/noisy8_crossmodel_signed_smoke_game_r3/noise8_crossmodel_gemini37_flash_n3_game_000_neutral_rep90.json,game,90,0,80,80,0,80
data/json/noise_experiments/gemini37_flash_task_order_n3_20260823/noise8_crossmodel_gemini37_flash_n3_game/gemini-3.7-flash/game/noisy8_crossmodel_signed_smoke_game_r3/noise8_crossmodel_gemini37_flash_n3_game_001_neutral_rep91.json,game,91,0,80,80,0,80
data/json/noise_experiments/gemini37_flash_task_order_n3_20260823/noise8_crossmodel_gemini37_flash_n3_game/gemini-3.7-flash/game/noisy8_crossmodel_signed_smoke_game_r3/noise8_crossmodel_gemini37_flash_n3_game_002_neutral_rep92.json,game,92,0,80,80,0,80
data/json/noise_experiments/gemini37_flash_task_order_n3_20260823/noise8_crossmodel_gemini37_flash_n3_game_myth/gemini-3.7-flash/game_myth/noisy8_crossmodel_signed_smoke_twotask_r3/noise8_crossmodel_gemini37_flash_n3_game_myth_000_neutral_rep90_memtest_memory_primary_anything.json,game_myth,90,0,160,160,0,80
data/json/noise_experiments/gemini37_flash_task_order_n3_20260823/noise8_crossmodel_gemini37_flash_n3_game_myth/gemini-3.7-flash/game_myth/noisy8_crossmodel_signed_smoke_twotask_r3/noise8_crossmodel_gemini37_flash_n3_game_myth_001_neutral_rep91_memtest_memory_primary_anything.json,game_myth,91,0,160,160,0,80
data/json/noise_experiments/gemini37_flash_task_order_n3_20260823/noise8_crossmodel_gemini37_flash_n3_game_myth/gemini-3.7-flash/game_myth/noisy8_crossmodel_signed_smoke_twotask_r3/noise8_crossmodel_gemini37_flash_n3_game_myth_002_neutral_rep92_memtest_memory_primary_anything.json,game_myth,92,0,160,160,0,80
data/json/noise_experiments/gemini37_flash_task_order_n3_20260823/noise8_crossmodel_gemini37_flash_n3_myth_game/gemini-3.7-flash/myth_game/noisy8_crossmodel_signed_smoke_twotask_r3/noise8_crossmodel_gemini37_flash_n3_myth_game_000_neutral_rep90_memtest_memory_primary_anything.json,myth_game,90,0,160,160,0,80
data/json/noise_experiments/gemini37_flash_task_order_n3_20260823/noise8_crossmodel_gemini37_flash_n3_myth_game/gemini-3.7-flash/myth_game/noisy8_crossmodel_signed_smoke_twotask_r3/noise8_crossmodel_gemini37_flash_n3_myth_game_001_neutral_rep91_memtest_memory_primary_anything.json,myth_game,91,0,160,160,0,80
data/json/noise_experiments/gemini37_flash_task_order_n3_20260823/noise8_crossmodel_gemini37_flash_n3_myth_game/gemini-3.7-flash/myth_game/noisy8_crossmodel_signed_smoke_twotask_r3/noise8_crossmodel_gemini37_flash_n3_myth_game_002_neutral_rep92_memtest_memory_primary_anything.json,myth_game,92,0,160,160,0,80
